1 26	
2 25	
3 24	
4 23	
5 22	
6 21	
7 20	
8 19	
9 18	
10 17	
11 16	
12 15	
13 14
26 14	
15 13	
16 12	
17 11	
18 10	
19 9	
20 8	
21 7	
22 6	
23 5	
24 4	
25 3	
1 2
2 26	
3 1	
4 25	
5 24	
6 23	
7 22	
8 21	
9 20	
10 19	
11 18	
12 17	
13 16	
14 15
26 15	
16 14	
17 13	
18 12	
19 11	
20 10	
21 9	
22 8	
23 7	
24 6	
25 5	
1 4	
2 3
3 26	
4 2	
5 1	
6 25	
7 24	
8 23	
9 22	
10 21	
11 20	
12 19	
13 18	
14 17	
15 16
26 16	
17 15	
18 14	
19 13	
20 12	
21 11	
22 10	
23 9	
24 8	
25 7	
1 6	
2 5	
3 4
4 26	
5 3	
6 2	
7 1	
8 25	
9 24	
10 23	
11 22	
12 21	
13 20	
14 19	
15 18	
16 17
26 17	
18 16	
19 15	
20 14	
21 13	
22 12	
23 11	
24 10	
25 9	
1 8	
2 7	
3 6	
4 5
5 26	
6 4	
7 3	
8 2	
9 1	
10 25	
11 24	
12 23	
13 22	
14 21	
15 20	
16 19	
17 18
26 18	
19 17	
20 16	
21 15	
22 14	
23 13	
24 12	
25 11	
1 10	
2 9	
3 8	
4 7	
5 6
6 26	
7 5	
8 4	
9 3	
10 2	
11 1	
12 25	
13 24	
14 23	
15 22	
16 21	
17 20	
18 19
26 19	
20 18	
21 17	
22 16	
23 15	
24 14	
25 13	
1 12	
2 11	
3 10	
4 9	
5 8	
6 7
7 26	
8 6	
9 5	
10 4	
11 3	
12 2	
13 1	
14 25	
15 24	
16 23	
17 22	
18 21	
19 20
26 20	
21 19	
22 18	
23 17	
24 16	
25 15	
1 14	
2 13	
3 12	
4 11	
5 10	
6 9	
7 8
8 26	
9 7	
10 6	
11 5	
12 4	
13 3	
14 2	
15 1	
16 25	
17 24	
18 23	
19 22	
20 21
26 21	
22 20	
23 19	
24 18	
25 17	
1 16	
2 15	
3 14	
4 13	
5 12	
6 11	
7 10	
8 9
9 26	
10 8	
11 7	
12 6	
13 5	
14 4	
15 3	
16 2	
17 1	
18 25	
19 24	
20 23	
21 22
26 22	
23 21	
24 20	
25 19	
1 18	
2 17	
3 16	
4 15	
5 14	
6 13	
7 12	
8 11	
9 10
10 26	
11 9	
12 8	
13 7	
14 6	
15 5	
16 4	
17 3	
18 2	
19 1	
20 25	
21 24	
22 23
26 23	
24 22	
25 21	
1 20	
2 19	
3 18	
4 17	
5 16	
6 15	
7 14	
8 13	
9 12	
10 11
11 26	
12 10	
13 9	
14 8	
15 7	
16 6	
17 5	
18 4	
19 3	
20 2	
21 1	
22 25	
23 24
26 24	
25 23	
1 22	
2 21	
3 20	
4 19	
5 18	
6 17	
7 16	
8 15	
9 14	
10 13	
11 12
12 26	
13 11	
14 10	
15 9	
16 8	
17 7	
18 6	
19 5	
20 4	
21 3	
22 2	
23 1	
24 25
26 25	
1 24	
2 23	
3 22	
4 21	
5 20	
6 19	
7 18	
8 17	
9 16	
10 15	
11 14	
12 13
13 26	
14 12	
15 11	
16 10	
17 9	
18 8	
19 7	
20 6	
21 5	
22 4	
23 3	
24 2	
25 1